0.038012 0.204678 0.038012 0.029240 0.055556 0.029240 0.055556 0.046784 0.029240 0.073099 0.090643 0.081871 0.046784 0.152047 0.029240 
0.068783 0.068783 0.068783 0.052910 0.052910 0.052910 0.068783 0.068783 0.052910 0.052910 0.052910 0.052910 0.052910 0.052910 0.179894 
0.075980 0.031863 0.024510 0.053922 0.039216 0.031863 0.053922 0.186275 0.024510 0.039216 0.039216 0.311275 0.024510 0.031863 0.031863 
0.041270 0.060317 0.260317 0.031746 0.050794 0.031746 0.041270 0.088889 0.079365 0.050794 0.041270 0.031746 0.031746 0.050794 0.107937 
0.057018 0.043860 0.057018 0.096491 0.057018 0.057018 0.057018 0.096491 0.043860 0.070175 0.057018 0.083333 0.096491 0.070175 0.057018 
0.036232 0.068841 0.079710 0.047101 0.036232 0.068841 0.047101 0.079710 0.101449 0.068841 0.068841 0.112319 0.047101 0.068841 0.068841 
0.079710 0.068841 0.068841 0.068841 0.155797 0.057971 0.079710 0.079710 0.068841 0.036232 0.036232 0.057971 0.036232 0.057971 0.047101 
0.045045 0.085586 0.139640 0.058559 0.058559 0.058559 0.085586 0.045045 0.045045 0.058559 0.045045 0.045045 0.085586 0.045045 0.099099 
0.040881 0.078616 0.040881 0.040881 0.031447 0.040881 0.059748 0.135220 0.229560 0.040881 0.078616 0.031447 0.050314 0.040881 0.059748 
0.037453 0.082397 0.037453 0.037453 0.071161 0.071161 0.037453 0.048689 0.037453 0.059925 0.082397 0.093633 0.037453 0.217228 0.048689 
0.046099 0.056738 0.035461 0.046099 0.067376 0.046099 0.056738 0.088652 0.035461 0.109929 0.109929 0.046099 0.035461 0.173759 0.046099 
0.047101 0.057971 0.047101 0.047101 0.057971 0.090580 0.036232 0.047101 0.036232 0.101449 0.144928 0.057971 0.036232 0.101449 0.090580 
0.056497 0.073446 0.090395 0.073446 0.073446 0.056497 0.073446 0.056497 0.056497 0.056497 0.056497 0.056497 0.073446 0.073446 0.073446 
0.049020 0.063725 0.063725 0.078431 0.049020 0.078431 0.078431 0.078431 0.063725 0.049020 0.093137 0.063725 0.049020 0.049020 0.093137 
0.048309 0.062802 0.062802 0.106280 0.048309 0.077295 0.048309 0.091787 0.091787 0.048309 0.091787 0.062802 0.048309 0.048309 0.062802 
0.053763 0.053763 0.053763 0.069892 0.069892 0.086022 0.069892 0.069892 0.053763 0.053763 0.134409 0.053763 0.053763 0.053763 0.069892 
0.076190 0.061905 0.076190 0.061905 0.047619 0.076190 0.076190 0.047619 0.133333 0.047619 0.090476 0.047619 0.047619 0.047619 0.061905 
0.085586 0.045045 0.166667 0.072072 0.058559 0.058559 0.045045 0.072072 0.045045 0.045045 0.085586 0.058559 0.045045 0.045045 0.072072 
0.062016 0.038760 0.062016 0.096899 0.085271 0.038760 0.062016 0.038760 0.131783 0.038760 0.038760 0.143411 0.062016 0.050388 0.050388 
0.063725 0.049020 0.078431 0.063725 0.078431 0.049020 0.093137 0.049020 0.151961 0.049020 0.049020 0.049020 0.063725 0.049020 0.063725 
0.052209 0.064257 0.088353 0.064257 0.112450 0.064257 0.064257 0.076305 0.076305 0.040161 0.040161 0.052209 0.052209 0.040161 0.112450 
0.039683 0.075397 0.087302 0.051587 0.099206 0.063492 0.039683 0.039683 0.087302 0.075397 0.063492 0.111111 0.075397 0.039683 0.051587 
0.096899 0.143411 0.038760 0.038760 0.050388 0.038760 0.108527 0.085271 0.062016 0.050388 0.062016 0.050388 0.038760 0.062016 0.073643 
0.035461 0.088652 0.046099 0.046099 0.056738 0.046099 0.088652 0.078014 0.035461 0.067376 0.067376 0.035461 0.035461 0.184397 0.088652 
0.065041 0.089431 0.077236 0.089431 0.040650 0.040650 0.077236 0.150407 0.065041 0.052846 0.040650 0.052846 0.040650 0.065041 0.052846 
0.107843 0.049020 0.049020 0.049020 0.078431 0.049020 0.181373 0.049020 0.049020 0.049020 0.063725 0.049020 0.049020 0.063725 0.063725 
0.083333 0.052083 0.052083 0.052083 0.083333 0.083333 0.161458 0.052083 0.052083 0.052083 0.052083 0.052083 0.052083 0.052083 0.067708 
0.050794 0.041270 0.050794 0.050794 0.041270 0.031746 0.079365 0.031746 0.193651 0.031746 0.079365 0.155556 0.041270 0.041270 0.079365 
0.052083 0.052083 0.052083 0.067708 0.098958 0.052083 0.052083 0.067708 0.130208 0.052083 0.052083 0.052083 0.083333 0.067708 0.067708 
0.037879 0.049242 0.060606 0.037879 0.071970 0.037879 0.060606 0.049242 0.140152 0.049242 0.037879 0.151515 0.037879 0.037879 0.140152 
0.040650 0.052846 0.040650 0.101626 0.065041 0.089431 0.040650 0.052846 0.150407 0.040650 0.077236 0.052846 0.040650 0.040650 0.113821 
0.040161 0.052209 0.040161 0.052209 0.040161 0.052209 0.088353 0.052209 0.208835 0.040161 0.064257 0.040161 0.040161 0.052209 0.136546 
0.038690 0.065476 0.092262 0.038690 0.056548 0.065476 0.065476 0.074405 0.136905 0.038690 0.038690 0.065476 0.083333 0.029762 0.110119 
0.029240 0.055556 0.046784 0.064327 0.090643 0.046784 0.081871 0.046784 0.090643 0.029240 0.055556 0.090643 0.038012 0.029240 0.204678 
0.083333 0.037879 0.037879 0.083333 0.071970 0.037879 0.094697 0.049242 0.185606 0.037879 0.049242 0.071970 0.037879 0.049242 0.071970 
0.045045 0.058559 0.045045 0.058559 0.099099 0.058559 0.045045 0.058559 0.085586 0.072072 0.045045 0.112613 0.045045 0.045045 0.126126 
0.059361 0.059361 0.059361 0.059361 0.086758 0.045662 0.114155 0.045662 0.073059 0.059361 0.045662 0.045662 0.045662 0.045662 0.155251 
0.050980 0.062745 0.062745 0.062745 0.168627 0.062745 0.086275 0.050980 0.039216 0.039216 0.039216 0.039216 0.039216 0.039216 0.156863 
0.060897 0.060897 0.041667 0.060897 0.060897 0.032051 0.070513 0.041667 0.233974 0.032051 0.051282 0.051282 0.032051 0.051282 0.118590 
0.054167 0.041667 0.041667 0.041667 0.066667 0.054167 0.104167 0.054167 0.054167 0.079167 0.054167 0.066667 0.091667 0.041667 0.154167 
0.044674 0.075601 0.044674 0.044674 0.085911 0.044674 0.096220 0.065292 0.075601 0.034364 0.034364 0.065292 0.054983 0.044674 0.189003 
0.056738 0.067376 0.056738 0.046099 0.163121 0.035461 0.120567 0.088652 0.056738 0.046099 0.035461 0.035461 0.035461 0.046099 0.109929 
0.037453 0.037453 0.037453 0.037453 0.116105 0.037453 0.116105 0.048689 0.161049 0.037453 0.093633 0.048689 0.048689 0.037453 0.104869 
0.035088 0.360447 0.039872 0.035088 0.054226 0.015949 0.049442 0.030303 0.044657 0.044657 0.049442 0.068581 0.068581 0.054226 0.049442 
0.052083 0.052083 0.052083 0.052083 0.067708 0.067708 0.145833 0.052083 0.052083 0.052083 0.067708 0.052083 0.052083 0.052083 0.130208 
0.049869 0.160105 0.097113 0.057743 0.049869 0.034121 0.057743 0.026247 0.152231 0.026247 0.026247 0.034121 0.034121 0.057743 0.136483 
0.045662 0.045662 0.045662 0.045662 0.045662 0.059361 0.100457 0.045662 0.045662 0.073059 0.100457 0.045662 0.100457 0.141553 0.059361 
0.049242 0.083333 0.049242 0.037879 0.049242 0.071970 0.071970 0.037879 0.037879 0.037879 0.060606 0.094697 0.106061 0.162879 0.049242 
0.064677 0.064677 0.094527 0.049751 0.049751 0.064677 0.064677 0.049751 0.079602 0.049751 0.049751 0.049751 0.049751 0.049751 0.169154 
0.057018 0.083333 0.070175 0.083333 0.057018 0.057018 0.057018 0.096491 0.057018 0.043860 0.043860 0.057018 0.057018 0.057018 0.122807 
0.051282 0.066667 0.051282 0.066667 0.051282 0.051282 0.066667 0.051282 0.097436 0.051282 0.051282 0.051282 0.051282 0.051282 0.189744 
0.080247 0.080247 0.061728 0.061728 0.061728 0.080247 0.061728 0.061728 0.061728 0.061728 0.061728 0.061728 0.080247 0.061728 0.061728 
0.135531 0.036630 0.047619 0.058608 0.036630 0.047619 0.091575 0.047619 0.179487 0.058608 0.069597 0.058608 0.036630 0.058608 0.036630 
0.046296 0.046296 0.087963 0.074074 0.046296 0.060185 0.046296 0.046296 0.199074 0.046296 0.046296 0.046296 0.046296 0.046296 0.115741 
0.040161 0.040161 0.052209 0.064257 0.040161 0.064257 0.064257 0.040161 0.148594 0.040161 0.040161 0.088353 0.064257 0.040161 0.172691 
0.068783 0.068783 0.052910 0.052910 0.068783 0.052910 0.052910 0.052910 0.179894 0.052910 0.052910 0.052910 0.052910 0.052910 0.084656 
0.074074 0.046296 0.046296 0.046296 0.046296 0.046296 0.060185 0.046296 0.171296 0.046296 0.046296 0.046296 0.060185 0.046296 0.171296 
0.062802 0.048309 0.048309 0.048309 0.048309 0.077295 0.048309 0.062802 0.091787 0.048309 0.048309 0.091787 0.048309 0.062802 0.164251 
0.067708 0.052083 0.052083 0.067708 0.052083 0.052083 0.052083 0.052083 0.130208 0.052083 0.052083 0.067708 0.052083 0.052083 0.145833 
0.076190 0.047619 0.061905 0.047619 0.061905 0.047619 0.047619 0.061905 0.219048 0.061905 0.047619 0.061905 0.061905 0.047619 0.047619 
0.054645 0.071038 0.054645 0.054645 0.054645 0.071038 0.071038 0.054645 0.103825 0.054645 0.054645 0.054645 0.054645 0.054645 0.136612 
0.088889 0.055556 0.055556 0.072222 0.055556 0.055556 0.055556 0.088889 0.105556 0.088889 0.055556 0.055556 0.055556 0.055556 0.055556 
0.033670 0.033670 0.043771 0.053872 0.104377 0.053872 0.033670 0.053872 0.235690 0.033670 0.053872 0.124579 0.043771 0.033670 0.063973 
0.071038 0.054645 0.054645 0.071038 0.054645 0.071038 0.054645 0.071038 0.103825 0.054645 0.054645 0.054645 0.054645 0.054645 0.120219 
0.044444 0.044444 0.071111 0.044444 0.044444 0.057778 0.044444 0.044444 0.084444 0.057778 0.057778 0.071111 0.071111 0.044444 0.217778 
0.039394 0.030303 0.048485 0.030303 0.048485 0.066667 0.066667 0.057576 0.030303 0.039394 0.375758 0.048485 0.039394 0.039394 0.039394 
0.039755 0.039755 0.048930 0.030581 0.048930 0.085627 0.039755 0.039755 0.030581 0.030581 0.415902 0.039755 0.030581 0.039755 0.039755 
0.063725 0.107843 0.063725 0.063725 0.049020 0.049020 0.049020 0.093137 0.107843 0.049020 0.049020 0.093137 0.049020 0.063725 0.049020 
0.042194 0.042194 0.042194 0.054852 0.042194 0.042194 0.054852 0.042194 0.232068 0.042194 0.054852 0.054852 0.105485 0.042194 0.105485 
0.037879 0.049242 0.037879 0.049242 0.037879 0.049242 0.037879 0.049242 0.106061 0.037879 0.049242 0.060606 0.174242 0.049242 0.174242 
0.058480 0.076023 0.076023 0.058480 0.076023 0.058480 0.058480 0.058480 0.093567 0.058480 0.076023 0.076023 0.058480 0.058480 0.058480 
0.058608 0.124542 0.102564 0.047619 0.036630 0.080586 0.102564 0.036630 0.058608 0.047619 0.036630 0.036630 0.080586 0.102564 0.047619 
0.095960 0.080808 0.095960 0.065657 0.050505 0.050505 0.095960 0.050505 0.050505 0.080808 0.050505 0.050505 0.050505 0.080808 0.050505 
0.075601 0.054983 0.044674 0.065292 0.034364 0.085911 0.054983 0.065292 0.044674 0.034364 0.075601 0.044674 0.034364 0.240550 0.044674 
0.055556 0.055556 0.055556 0.072222 0.055556 0.072222 0.072222 0.055556 0.055556 0.055556 0.072222 0.055556 0.055556 0.055556 0.155556 
0.039683 0.099206 0.063492 0.087302 0.051587 0.051587 0.039683 0.039683 0.039683 0.039683 0.087302 0.111111 0.075397 0.039683 0.134921 
0.055556 0.055556 0.055556 0.072222 0.055556 0.072222 0.072222 0.072222 0.055556 0.055556 0.072222 0.055556 0.055556 0.055556 0.138889 
0.065657 0.080808 0.050505 0.080808 0.065657 0.080808 0.080808 0.050505 0.050505 0.065657 0.065657 0.065657 0.050505 0.080808 0.065657 
0.054645 0.054645 0.120219 0.087432 0.054645 0.054645 0.054645 0.054645 0.071038 0.054645 0.054645 0.087432 0.054645 0.071038 0.071038 
0.050505 0.050505 0.080808 0.065657 0.050505 0.050505 0.050505 0.065657 0.095960 0.050505 0.050505 0.171717 0.065657 0.050505 0.050505 
0.054645 0.071038 0.054645 0.054645 0.054645 0.054645 0.087432 0.087432 0.054645 0.054645 0.054645 0.087432 0.054645 0.054645 0.120219 
0.159624 0.046948 0.046948 0.061033 0.046948 0.075117 0.089202 0.046948 0.075117 0.046948 0.075117 0.046948 0.075117 0.061033 0.046948 
0.164609 0.065844 0.053498 0.065844 0.053498 0.065844 0.065844 0.041152 0.053498 0.053498 0.053498 0.102881 0.053498 0.053498 0.053498 
0.046099 0.078014 0.163121 0.067376 0.056738 0.046099 0.046099 0.035461 0.067376 0.035461 0.056738 0.078014 0.067376 0.035461 0.120567 
0.074667 0.082667 0.034667 0.026667 0.138667 0.026667 0.034667 0.042667 0.074667 0.042667 0.050667 0.026667 0.034667 0.250667 0.058667 
0.097778 0.057778 0.044444 0.057778 0.071111 0.044444 0.057778 0.057778 0.044444 0.057778 0.097778 0.044444 0.044444 0.151111 0.071111 
0.068376 0.068376 0.042735 0.055556 0.068376 0.081197 0.042735 0.055556 0.042735 0.068376 0.068376 0.055556 0.183761 0.042735 0.055556 
0.076190 0.061905 0.076190 0.061905 0.047619 0.090476 0.090476 0.047619 0.047619 0.047619 0.133333 0.047619 0.047619 0.076190 0.047619 
0.122807 0.043860 0.043860 0.122807 0.070175 0.057018 0.043860 0.149123 0.043860 0.043860 0.057018 0.043860 0.057018 0.057018 0.043860 
0.135531 0.091575 0.047619 0.080586 0.036630 0.069597 0.058608 0.047619 0.036630 0.036630 0.069597 0.036630 0.069597 0.113553 0.069597 
0.082397 0.037453 0.037453 0.048689 0.048689 0.116105 0.071161 0.048689 0.037453 0.059925 0.161049 0.037453 0.037453 0.116105 0.059925 
0.042735 0.042735 0.068376 0.094017 0.068376 0.055556 0.055556 0.081197 0.068376 0.068376 0.042735 0.055556 0.170940 0.042735 0.042735 
0.059524 0.113095 0.059524 0.059524 0.059524 0.059524 0.059524 0.059524 0.059524 0.077381 0.059524 0.077381 0.059524 0.077381 0.059524 
0.048148 0.137037 0.070370 0.037037 0.070370 0.059259 0.037037 0.170370 0.059259 0.048148 0.037037 0.048148 0.037037 0.048148 0.092593 
0.031746 0.136508 0.088889 0.107937 0.041270 0.041270 0.050794 0.041270 0.050794 0.088889 0.041270 0.126984 0.050794 0.050794 0.050794 
0.065359 0.084967 0.065359 0.065359 0.065359 0.065359 0.065359 0.065359 0.065359 0.065359 0.065359 0.065359 0.065359 0.065359 0.065359 
0.067708 0.067708 0.130208 0.067708 0.052083 0.067708 0.067708 0.052083 0.114583 0.052083 0.052083 0.052083 0.052083 0.052083 0.052083 
0.058559 0.112613 0.058559 0.045045 0.058559 0.072072 0.045045 0.058559 0.045045 0.058559 0.072072 0.058559 0.058559 0.099099 0.099099 
0.058559 0.045045 0.058559 0.045045 0.045045 0.072072 0.126126 0.045045 0.058559 0.072072 0.072072 0.072072 0.072072 0.112613 0.045045 
0.070175 0.070175 0.057018 0.057018 0.043860 0.083333 0.083333 0.043860 0.057018 0.057018 0.109649 0.083333 0.057018 0.057018 0.070175 
0.064103 0.064103 0.083333 0.064103 0.064103 0.064103 0.064103 0.064103 0.064103 0.064103 0.064103 0.064103 0.064103 0.064103 0.083333 
0.055556 0.055556 0.055556 0.055556 0.072222 0.122222 0.055556 0.055556 0.055556 0.055556 0.055556 0.055556 0.055556 0.138889 0.055556 
0.061728 0.061728 0.080247 0.061728 0.080247 0.080247 0.061728 0.061728 0.061728 0.080247 0.061728 0.061728 0.061728 0.061728 0.061728 
0.045662 0.073059 0.168950 0.073059 0.045662 0.059361 0.045662 0.059361 0.059361 0.045662 0.045662 0.059361 0.045662 0.045662 0.127854 
0.083333 0.064103 0.083333 0.064103 0.064103 0.064103 0.064103 0.064103 0.064103 0.064103 0.064103 0.064103 0.064103 0.064103 0.064103 
0.060606 0.060606 0.078788 0.060606 0.060606 0.078788 0.060606 0.060606 0.096970 0.060606 0.060606 0.060606 0.078788 0.060606 0.060606 
0.060606 0.060606 0.060606 0.060606 0.133333 0.060606 0.060606 0.060606 0.060606 0.060606 0.060606 0.060606 0.060606 0.060606 0.078788 
0.375817 0.032680 0.032680 0.032680 0.091503 0.052288 0.042484 0.042484 0.042484 0.032680 0.071895 0.032680 0.032680 0.052288 0.032680 
0.347222 0.034722 0.034722 0.034722 0.076389 0.045139 0.045139 0.045139 0.034722 0.045139 0.055556 0.034722 0.034722 0.076389 0.055556 
0.056497 0.073446 0.056497 0.056497 0.141243 0.056497 0.073446 0.056497 0.056497 0.073446 0.056497 0.056497 0.073446 0.056497 0.056497 
0.043860 0.083333 0.096491 0.083333 0.070175 0.070175 0.043860 0.057018 0.057018 0.043860 0.043860 0.043860 0.070175 0.043860 0.149123 
0.071038 0.054645 0.054645 0.054645 0.054645 0.054645 0.054645 0.054645 0.153005 0.071038 0.054645 0.071038 0.054645 0.054645 0.087432 
0.115741 0.046296 0.046296 0.074074 0.046296 0.087963 0.060185 0.060185 0.115741 0.060185 0.074074 0.060185 0.060185 0.046296 0.046296 
0.057471 0.057471 0.057471 0.057471 0.057471 0.057471 0.057471 0.057471 0.195402 0.057471 0.057471 0.057471 0.057471 0.057471 0.057471 
0.071038 0.087432 0.054645 0.054645 0.054645 0.054645 0.071038 0.054645 0.054645 0.071038 0.087432 0.054645 0.087432 0.071038 0.071038 
0.101626 0.089431 0.065041 0.052846 0.040650 0.065041 0.052846 0.065041 0.077236 0.052846 0.052846 0.052846 0.150407 0.040650 0.040650 
0.060185 0.212963 0.087963 0.060185 0.101852 0.060185 0.046296 0.046296 0.046296 0.046296 0.046296 0.046296 0.046296 0.046296 0.046296 
0.028139 0.261905 0.106061 0.028139 0.158009 0.034632 0.041126 0.047619 0.021645 0.034632 0.034632 0.041126 0.021645 0.028139 0.112554 
0.059524 0.095238 0.059524 0.059524 0.077381 0.059524 0.059524 0.095238 0.059524 0.059524 0.059524 0.059524 0.059524 0.077381 0.059524 
0.086758 0.155251 0.045662 0.045662 0.045662 0.045662 0.045662 0.045662 0.045662 0.059361 0.045662 0.086758 0.100457 0.073059 0.073059 
0.059524 0.113095 0.059524 0.059524 0.059524 0.059524 0.059524 0.059524 0.059524 0.059524 0.077381 0.077381 0.059524 0.077381 0.059524 
0.037453 0.059925 0.048689 0.037453 0.037453 0.071161 0.048689 0.037453 0.048689 0.048689 0.037453 0.318352 0.071161 0.048689 0.048689 
0.054131 0.054131 0.233618 0.045584 0.037037 0.054131 0.037037 0.088319 0.079772 0.045584 0.071225 0.045584 0.054131 0.062678 0.037037 
0.101190 0.074405 0.038690 0.056548 0.092262 0.029762 0.065476 0.110119 0.029762 0.092262 0.065476 0.029762 0.038690 0.110119 0.065476 
0.060185 0.046296 0.046296 0.046296 0.046296 0.087963 0.046296 0.046296 0.046296 0.074074 0.268519 0.046296 0.046296 0.046296 0.046296 
0.034364 0.034364 0.054983 0.075601 0.106529 0.085911 0.054983 0.044674 0.044674 0.034364 0.240550 0.034364 0.054983 0.044674 0.054983 
0.039683 0.051587 0.039683 0.039683 0.051587 0.087302 0.063492 0.051587 0.111111 0.039683 0.242063 0.039683 0.039683 0.051587 0.051587 
0.035842 0.046595 0.046595 0.089606 0.057348 0.078853 0.046595 0.068100 0.068100 0.035842 0.218638 0.046595 0.046595 0.046595 0.068100 
0.052288 0.091503 0.032680 0.071895 0.091503 0.052288 0.042484 0.042484 0.042484 0.032680 0.218954 0.042484 0.032680 0.081699 0.071895 
0.065041 0.040650 0.040650 0.040650 0.065041 0.089431 0.065041 0.040650 0.089431 0.040650 0.235772 0.052846 0.040650 0.052846 0.040650 
0.057971 0.036232 0.101449 0.101449 0.047101 0.047101 0.047101 0.047101 0.057971 0.036232 0.242754 0.047101 0.036232 0.057971 0.036232 
0.038314 0.061303 0.107280 0.072797 0.049808 0.072797 0.049808 0.049808 0.038314 0.038314 0.256705 0.038314 0.038314 0.038314 0.049808 
0.040161 0.040161 0.052209 0.040161 0.064257 0.088353 0.064257 0.040161 0.100402 0.040161 0.244980 0.040161 0.040161 0.064257 0.040161 
0.053498 0.053498 0.102881 0.041152 0.041152 0.090535 0.041152 0.041152 0.041152 0.053498 0.275720 0.041152 0.041152 0.041152 0.041152 
0.066667 0.054167 0.041667 0.066667 0.041667 0.041667 0.041667 0.054167 0.054167 0.041667 0.266667 0.054167 0.041667 0.079167 0.054167 
0.043860 0.057018 0.043860 0.070175 0.043860 0.057018 0.057018 0.043860 0.043860 0.043860 0.280702 0.043860 0.057018 0.070175 0.043860 
0.059190 0.077882 0.068536 0.040498 0.049844 0.049844 0.040498 0.049844 0.133956 0.031153 0.059190 0.077882 0.190031 0.040498 0.031153 
0.059524 0.077381 0.077381 0.059524 0.059524 0.059524 0.059524 0.059524 0.077381 0.113095 0.059524 0.059524 0.059524 0.059524 0.059524 
0.039640 0.158559 0.120721 0.028829 0.088288 0.061261 0.023423 0.055856 0.218018 0.050450 0.039640 0.028829 0.023423 0.023423 0.039640 
0.050314 0.069182 0.078616 0.031447 0.097484 0.050314 0.069182 0.106918 0.040881 0.144654 0.031447 0.031447 0.097484 0.050314 0.050314 
0.045089 0.069243 0.059581 0.025765 0.054750 0.030596 0.025765 0.074074 0.059581 0.054750 0.035427 0.194847 0.190016 0.045089 0.035427 
0.075397 0.099206 0.075397 0.051587 0.063492 0.063492 0.039683 0.039683 0.039683 0.134921 0.063492 0.051587 0.039683 0.111111 0.051587 
0.111111 0.039039 0.057057 0.048048 0.030030 0.039039 0.075075 0.066066 0.147147 0.084084 0.039039 0.048048 0.093093 0.066066 0.057057 
0.095785 0.038314 0.061303 0.095785 0.038314 0.049808 0.061303 0.084291 0.049808 0.061303 0.038314 0.084291 0.130268 0.061303 0.049808 
0.026882 0.220430 0.075269 0.034946 0.115591 0.043011 0.026882 0.043011 0.043011 0.043011 0.059140 0.051075 0.034946 0.051075 0.131720 
0.052083 0.067708 0.067708 0.052083 0.052083 0.052083 0.052083 0.052083 0.145833 0.052083 0.052083 0.052083 0.083333 0.052083 0.114583 
0.056497 0.073446 0.056497 0.056497 0.073446 0.056497 0.073446 0.073446 0.056497 0.056497 0.056497 0.056497 0.056497 0.073446 0.124294 
0.055556 0.072222 0.072222 0.072222 0.055556 0.055556 0.088889 0.088889 0.055556 0.072222 0.055556 0.055556 0.055556 0.055556 0.088889 
0.066667 0.097436 0.051282 0.051282 0.051282 0.066667 0.051282 0.066667 0.097436 0.051282 0.066667 0.051282 0.066667 0.051282 0.112821 
0.078788 0.060606 0.060606 0.060606 0.060606 0.060606 0.060606 0.078788 0.060606 0.060606 0.078788 0.078788 0.060606 0.060606 0.078788 
0.056497 0.073446 0.056497 0.073446 0.056497 0.056497 0.056497 0.073446 0.090395 0.056497 0.056497 0.073446 0.107345 0.056497 0.056497 
0.049020 0.107843 0.049020 0.078431 0.049020 0.049020 0.049020 0.049020 0.107843 0.049020 0.063725 0.078431 0.122549 0.049020 0.049020 
0.064677 0.109453 0.049751 0.064677 0.049751 0.079602 0.049751 0.079602 0.049751 0.049751 0.049751 0.079602 0.064677 0.049751 0.109453 
0.290667 0.042667 0.058667 0.050667 0.050667 0.058667 0.050667 0.066667 0.106667 0.026667 0.042667 0.026667 0.058667 0.034667 0.034667 
0.059524 0.077381 0.059524 0.059524 0.059524 0.059524 0.059524 0.059524 0.059524 0.095238 0.077381 0.077381 0.077381 0.059524 0.059524 
0.053763 0.053763 0.053763 0.069892 0.053763 0.053763 0.053763 0.053763 0.053763 0.069892 0.069892 0.053763 0.069892 0.053763 0.182796 
0.051282 0.051282 0.066667 0.066667 0.051282 0.066667 0.051282 0.051282 0.051282 0.066667 0.051282 0.066667 0.097436 0.051282 0.158974 
0.062893 0.062893 0.062893 0.062893 0.062893 0.100629 0.062893 0.062893 0.062893 0.062893 0.062893 0.081761 0.062893 0.062893 0.062893 
0.045045 0.085586 0.045045 0.072072 0.072072 0.058559 0.045045 0.085586 0.072072 0.058559 0.045045 0.085586 0.072072 0.058559 0.099099 
0.063725 0.093137 0.078431 0.063725 0.049020 0.049020 0.049020 0.078431 0.063725 0.063725 0.049020 0.063725 0.122549 0.049020 0.063725 
0.049020 0.063725 0.049020 0.078431 0.063725 0.093137 0.049020 0.122549 0.049020 0.049020 0.049020 0.107843 0.063725 0.049020 0.063725 
0.043860 0.057018 0.188596 0.057018 0.096491 0.070175 0.096491 0.057018 0.043860 0.043860 0.057018 0.043860 0.057018 0.043860 0.043860 
0.115646 0.085034 0.034014 0.074830 0.074830 0.054422 0.064626 0.044218 0.136054 0.034014 0.044218 0.034014 0.085034 0.054422 0.064626 
0.056497 0.056497 0.056497 0.090395 0.056497 0.073446 0.073446 0.056497 0.073446 0.056497 0.073446 0.073446 0.073446 0.056497 0.073446 
0.097222 0.138889 0.045139 0.034722 0.045139 0.034722 0.045139 0.055556 0.055556 0.076389 0.045139 0.128472 0.118056 0.034722 0.045139 
0.073643 0.096899 0.062016 0.062016 0.143411 0.062016 0.038760 0.038760 0.050388 0.038760 0.050388 0.108527 0.062016 0.050388 0.062016 
0.088652 0.088652 0.035461 0.078014 0.035461 0.046099 0.078014 0.099291 0.088652 0.056738 0.109929 0.035461 0.078014 0.046099 0.035461 
0.042194 0.067511 0.080169 0.080169 0.054852 0.105485 0.067511 0.067511 0.042194 0.118143 0.042194 0.067511 0.054852 0.054852 0.054852 
0.044444 0.097778 0.071111 0.044444 0.071111 0.044444 0.044444 0.044444 0.097778 0.071111 0.044444 0.071111 0.137778 0.044444 0.071111 
0.058480 0.058480 0.058480 0.058480 0.058480 0.058480 0.076023 0.058480 0.058480 0.076023 0.058480 0.076023 0.128655 0.058480 0.058480 
0.042735 0.119658 0.094017 0.042735 0.042735 0.055556 0.042735 0.055556 0.081197 0.081197 0.042735 0.132479 0.081197 0.042735 0.042735 
0.082011 0.145503 0.034392 0.034392 0.034392 0.066138 0.034392 0.097884 0.193122 0.066138 0.026455 0.042328 0.066138 0.034392 0.042328 
0.052910 0.052910 0.052910 0.052910 0.052910 0.068783 0.052910 0.052910 0.052910 0.084656 0.068783 0.084656 0.052910 0.068783 0.148148 
0.073059 0.045662 0.059361 0.059361 0.059361 0.100457 0.073059 0.045662 0.059361 0.073059 0.073059 0.059361 0.114155 0.045662 0.059361 
0.071111 0.084444 0.044444 0.044444 0.044444 0.097778 0.044444 0.044444 0.044444 0.071111 0.071111 0.097778 0.111111 0.057778 0.071111 
0.065657 0.065657 0.050505 0.050505 0.065657 0.050505 0.111111 0.065657 0.050505 0.050505 0.080808 0.095960 0.080808 0.050505 0.065657 
0.030864 0.077160 0.067901 0.077160 0.030864 0.086420 0.058642 0.049383 0.086420 0.049383 0.049383 0.086420 0.151235 0.058642 0.040123 
0.040161 0.052209 0.064257 0.052209 0.052209 0.124498 0.076305 0.040161 0.052209 0.064257 0.064257 0.064257 0.112450 0.100402 0.040161 
0.038760 0.038760 0.038760 0.062016 0.155039 0.085271 0.062016 0.050388 0.085271 0.073643 0.038760 0.038760 0.120155 0.038760 0.073643 
0.179487 0.036630 0.091575 0.036630 0.047619 0.047619 0.036630 0.069597 0.102564 0.058608 0.036630 0.036630 0.113553 0.069597 0.036630 
0.051587 0.146825 0.087302 0.075397 0.075397 0.039683 0.039683 0.039683 0.099206 0.051587 0.075397 0.051587 0.039683 0.039683 0.087302 
0.101307 0.032680 0.042484 0.081699 0.071895 0.081699 0.042484 0.120915 0.032680 0.071895 0.101307 0.042484 0.042484 0.081699 0.052288 
0.052910 0.052910 0.052910 0.052910 0.052910 0.068783 0.084656 0.068783 0.068783 0.052910 0.068783 0.052910 0.052910 0.052910 0.164021 
0.042194 0.042194 0.067511 0.042194 0.054852 0.054852 0.042194 0.080169 0.156118 0.042194 0.042194 0.067511 0.042194 0.042194 0.181435 
0.061905 0.076190 0.076190 0.061905 0.061905 0.047619 0.047619 0.133333 0.076190 0.047619 0.047619 0.061905 0.047619 0.061905 0.090476 
0.052083 0.067708 0.052083 0.067708 0.052083 0.067708 0.052083 0.067708 0.052083 0.052083 0.052083 0.052083 0.130208 0.052083 0.130208 
0.051282 0.066667 0.082051 0.051282 0.051282 0.066667 0.082051 0.082051 0.051282 0.051282 0.066667 0.051282 0.051282 0.051282 0.143590 
0.082251 0.082251 0.043290 0.069264 0.043290 0.147186 0.082251 0.043290 0.043290 0.043290 0.056277 0.043290 0.043290 0.134199 0.043290 
0.060185 0.060185 0.060185 0.046296 0.101852 0.060185 0.060185 0.046296 0.060185 0.046296 0.046296 0.115741 0.060185 0.046296 0.129630 
0.045662 0.045662 0.045662 0.045662 0.045662 0.045662 0.045662 0.086758 0.073059 0.045662 0.045662 0.073059 0.155251 0.059361 0.141553 
0.056497 0.056497 0.056497 0.056497 0.056497 0.056497 0.090395 0.073446 0.056497 0.056497 0.056497 0.056497 0.073446 0.056497 0.141243 
0.049020 0.063725 0.063725 0.049020 0.049020 0.049020 0.049020 0.063725 0.049020 0.049020 0.063725 0.093137 0.063725 0.049020 0.196078 
0.049751 0.094527 0.064677 0.049751 0.079602 0.049751 0.049751 0.064677 0.169154 0.049751 0.049751 0.049751 0.049751 0.049751 0.079602 
0.055556 0.068376 0.068376 0.094017 0.068376 0.042735 0.042735 0.081197 0.170940 0.042735 0.042735 0.055556 0.081197 0.042735 0.042735 
0.052083 0.114583 0.052083 0.052083 0.067708 0.098958 0.052083 0.052083 0.052083 0.067708 0.083333 0.067708 0.052083 0.083333 0.052083 
0.053763 0.053763 0.053763 0.053763 0.053763 0.069892 0.053763 0.086022 0.053763 0.053763 0.069892 0.053763 0.118280 0.053763 0.118280 
0.054645 0.087432 0.054645 0.054645 0.071038 0.071038 0.054645 0.054645 0.054645 0.103825 0.054645 0.054645 0.087432 0.087432 0.054645 
0.033510 0.229277 0.091711 0.059965 0.144621 0.054674 0.028219 0.038801 0.017637 0.017637 0.054674 0.038801 0.049383 0.017637 0.123457 
0.021368 0.072650 0.034188 0.027778 0.047009 0.034188 0.021368 0.027778 0.207265 0.027778 0.027778 0.066239 0.104701 0.047009 0.232906 
0.048718 0.064103 0.025641 0.048718 0.025641 0.025641 0.041026 0.133333 0.248718 0.071795 0.025641 0.056410 0.102564 0.033333 0.048718 
0.192593 0.059259 0.037037 0.059259 0.059259 0.070370 0.048148 0.048148 0.070370 0.059259 0.037037 0.048148 0.103704 0.048148 0.059259 
0.056497 0.073446 0.056497 0.073446 0.056497 0.056497 0.056497 0.056497 0.056497 0.056497 0.056497 0.056497 0.056497 0.073446 0.158192 
0.171340 0.040498 0.031153 0.087227 0.049844 0.133956 0.087227 0.031153 0.031153 0.049844 0.040498 0.059190 0.077882 0.040498 0.068536 
0.052910 0.132275 0.068783 0.052910 0.052910 0.052910 0.052910 0.068783 0.052910 0.052910 0.068783 0.052910 0.100529 0.052910 0.084656 
0.045139 0.034722 0.076389 0.045139 0.076389 0.076389 0.211806 0.045139 0.065972 0.118056 0.045139 0.034722 0.034722 0.034722 0.055556 
0.058559 0.072072 0.153153 0.072072 0.045045 0.058559 0.045045 0.045045 0.072072 0.045045 0.045045 0.045045 0.058559 0.058559 0.126126 
0.059621 0.035230 0.043360 0.035230 0.043360 0.043360 0.084011 0.051491 0.035230 0.051491 0.295393 0.067751 0.059621 0.051491 0.043360 
0.100629 0.062893 0.062893 0.081761 0.062893 0.062893 0.062893 0.062893 0.062893 0.062893 0.062893 0.062893 0.062893 0.062893 0.062893 
0.036630 0.124542 0.124542 0.047619 0.058608 0.058608 0.047619 0.047619 0.047619 0.058608 0.036630 0.080586 0.058608 0.036630 0.135531 
0.060606 0.060606 0.078788 0.060606 0.060606 0.060606 0.096970 0.078788 0.060606 0.060606 0.060606 0.060606 0.060606 0.060606 0.078788 
0.065359 0.084967 0.065359 0.065359 0.065359 0.065359 0.065359 0.065359 0.065359 0.065359 0.065359 0.065359 0.065359 0.065359 0.065359 
0.064103 0.064103 0.064103 0.064103 0.064103 0.064103 0.083333 0.064103 0.064103 0.083333 0.064103 0.064103 0.064103 0.064103 0.064103 
0.049020 0.049020 0.049020 0.078431 0.107843 0.049020 0.049020 0.049020 0.049020 0.063725 0.166667 0.063725 0.049020 0.078431 0.049020 
0.054645 0.054645 0.054645 0.054645 0.054645 0.071038 0.054645 0.054645 0.071038 0.054645 0.054645 0.054645 0.054645 0.054645 0.202186 
0.046948 0.075117 0.046948 0.046948 0.046948 0.061033 0.046948 0.046948 0.131455 0.046948 0.046948 0.046948 0.061033 0.046948 0.201878 
0.037453 0.048689 0.093633 0.048689 0.138577 0.048689 0.048689 0.071161 0.104869 0.071161 0.048689 0.048689 0.104869 0.048689 0.037453 
0.042484 0.062092 0.169935 0.052288 0.111111 0.052288 0.052288 0.042484 0.032680 0.081699 0.071895 0.062092 0.032680 0.091503 0.042484 
0.050980 0.050980 0.121569 0.050980 0.074510 0.062745 0.086275 0.039216 0.050980 0.109804 0.050980 0.039216 0.039216 0.121569 0.050980 
0.049020 0.049020 0.049020 0.049020 0.049020 0.063725 0.049020 0.049020 0.122549 0.049020 0.049020 0.078431 0.093137 0.063725 0.137255 
0.059361 0.045662 0.045662 0.073059 0.045662 0.059361 0.045662 0.045662 0.182648 0.045662 0.045662 0.086758 0.073059 0.059361 0.086758 
0.048930 0.076453 0.039755 0.030581 0.030581 0.058104 0.048930 0.048930 0.030581 0.094801 0.113150 0.030581 0.048930 0.269113 0.030581 
0.067204 0.043011 0.043011 0.034946 0.026882 0.043011 0.026882 0.026882 0.043011 0.389785 0.091398 0.059140 0.026882 0.043011 0.034946 
0.058104 0.048930 0.048930 0.030581 0.030581 0.030581 0.030581 0.039755 0.030581 0.388379 0.094801 0.030581 0.039755 0.058104 0.039755 
0.050314 0.050314 0.031447 0.050314 0.031447 0.116352 0.040881 0.031447 0.040881 0.059748 0.248428 0.040881 0.031447 0.144654 0.031447 
0.049869 0.034121 0.034121 0.041995 0.026247 0.057743 0.026247 0.034121 0.041995 0.128609 0.104987 0.223097 0.136483 0.034121 0.026247 
0.032338 0.039801 0.032338 0.039801 0.032338 0.054726 0.024876 0.032338 0.077114 0.062189 0.077114 0.166667 0.263682 0.039801 0.024876 
0.062706 0.062706 0.033003 0.033003 0.033003 0.092409 0.082508 0.033003 0.042904 0.052805 0.181518 0.052805 0.033003 0.171617 0.033003 
0.079167 0.066667 0.079167 0.066667 0.229167 0.041667 0.041667 0.041667 0.041667 0.041667 0.041667 0.079167 0.041667 0.054167 0.054167 
0.111111 0.057778 0.084444 0.071111 0.124444 0.044444 0.044444 0.057778 0.044444 0.044444 0.057778 0.057778 0.084444 0.044444 0.071111 
0.076305 0.040161 0.076305 0.052209 0.040161 0.064257 0.064257 0.040161 0.076305 0.076305 0.064257 0.052209 0.040161 0.172691 0.064257 
0.057348 0.035842 0.035842 0.057348 0.035842 0.035842 0.035842 0.100358 0.078853 0.035842 0.046595 0.057348 0.035842 0.057348 0.293907 
0.054645 0.054645 0.071038 0.054645 0.054645 0.087432 0.071038 0.054645 0.054645 0.054645 0.054645 0.071038 0.054645 0.054645 0.153005 
0.061728 0.061728 0.061728 0.061728 0.061728 0.080247 0.098765 0.061728 0.061728 0.061728 0.080247 0.061728 0.061728 0.061728 0.061728 
0.054852 0.042194 0.054852 0.054852 0.042194 0.042194 0.042194 0.054852 0.143460 0.042194 0.042194 0.042194 0.156118 0.042194 0.143460 
0.139640 0.045045 0.045045 0.085586 0.058559 0.058559 0.058559 0.058559 0.085586 0.045045 0.072072 0.072072 0.058559 0.072072 0.045045 
0.064103 0.064103 0.064103 0.064103 0.064103 0.083333 0.064103 0.064103 0.064103 0.064103 0.064103 0.064103 0.064103 0.083333 0.064103 
0.102778 0.061111 0.077778 0.052778 0.077778 0.052778 0.027778 0.052778 0.252778 0.052778 0.044444 0.044444 0.036111 0.027778 0.036111 
0.071038 0.054645 0.054645 0.054645 0.071038 0.071038 0.054645 0.054645 0.087432 0.054645 0.054645 0.054645 0.054645 0.054645 0.153005 
0.052846 0.052846 0.065041 0.052846 0.065041 0.077236 0.040650 0.065041 0.077236 0.052846 0.040650 0.101626 0.065041 0.040650 0.150407 
0.052910 0.068783 0.052910 0.068783 0.068783 0.052910 0.052910 0.068783 0.164021 0.052910 0.068783 0.052910 0.052910 0.068783 0.052910 
0.053872 0.094276 0.033670 0.043771 0.033670 0.043771 0.063973 0.033670 0.124579 0.033670 0.043771 0.053872 0.185185 0.063973 0.094276 
0.061033 0.131455 0.061033 0.089202 0.046948 0.061033 0.046948 0.046948 0.145540 0.046948 0.061033 0.061033 0.046948 0.046948 0.046948 
0.050505 0.050505 0.050505 0.050505 0.050505 0.050505 0.050505 0.065657 0.156566 0.050505 0.065657 0.050505 0.050505 0.050505 0.156566 
0.051282 0.051282 0.066667 0.051282 0.051282 0.051282 0.051282 0.051282 0.235897 0.051282 0.051282 0.066667 0.066667 0.051282 0.051282 
0.065972 0.065972 0.086806 0.034722 0.055556 0.055556 0.065972 0.076389 0.211806 0.034722 0.045139 0.055556 0.065972 0.034722 0.045139 
0.059190 0.105919 0.040498 0.031153 0.031153 0.077882 0.049844 0.031153 0.283489 0.031153 0.040498 0.087227 0.049844 0.040498 0.040498 
0.053763 0.053763 0.053763 0.053763 0.053763 0.069892 0.053763 0.069892 0.134409 0.053763 0.053763 0.053763 0.053763 0.053763 0.134409 
0.046948 0.046948 0.046948 0.089202 0.046948 0.061033 0.046948 0.075117 0.159624 0.046948 0.046948 0.061033 0.046948 0.046948 0.131455 
0.050505 0.065657 0.050505 0.050505 0.050505 0.050505 0.065657 0.065657 0.171717 0.050505 0.050505 0.050505 0.050505 0.050505 0.126263 
0.085586 0.058559 0.045045 0.058559 0.058559 0.058559 0.045045 0.058559 0.139640 0.045045 0.045045 0.085586 0.045045 0.045045 0.126126 
0.061905 0.047619 0.047619 0.076190 0.047619 0.061905 0.047619 0.061905 0.176190 0.047619 0.047619 0.047619 0.047619 0.047619 0.133333 
0.073059 0.045662 0.045662 0.086758 0.045662 0.045662 0.045662 0.045662 0.155251 0.045662 0.045662 0.073059 0.045662 0.059361 0.141553 
0.042735 0.055556 0.042735 0.042735 0.055556 0.055556 0.042735 0.042735 0.183761 0.042735 0.055556 0.094017 0.094017 0.055556 0.094017 
0.065657 0.050505 0.050505 0.050505 0.050505 0.080808 0.050505 0.065657 0.126263 0.050505 0.050505 0.050505 0.050505 0.050505 0.156566 
0.050505 0.065657 0.050505 0.065657 0.050505 0.065657 0.065657 0.050505 0.156566 0.050505 0.050505 0.050505 0.050505 0.050505 0.126263 
0.054645 0.054645 0.071038 0.087432 0.054645 0.054645 0.054645 0.054645 0.185792 0.054645 0.054645 0.054645 0.054645 0.054645 0.054645 
0.038647 0.067633 0.045894 0.031401 0.038647 0.024155 0.024155 0.067633 0.248792 0.053140 0.024155 0.176329 0.089372 0.031401 0.038647 
0.028698 0.048565 0.088300 0.088300 0.041943 0.081678 0.028698 0.088300 0.028698 0.068433 0.048565 0.094923 0.094923 0.068433 0.101545 
0.060606 0.060606 0.060606 0.078788 0.060606 0.060606 0.060606 0.060606 0.060606 0.060606 0.060606 0.060606 0.060606 0.060606 0.133333 
0.054645 0.071038 0.054645 0.054645 0.054645 0.054645 0.054645 0.071038 0.087432 0.054645 0.071038 0.153005 0.054645 0.054645 0.054645 
0.081761 0.062893 0.062893 0.062893 0.062893 0.062893 0.062893 0.062893 0.062893 0.062893 0.100629 0.062893 0.062893 0.062893 0.062893 
0.062893 0.062893 0.062893 0.062893 0.062893 0.062893 0.081761 0.062893 0.062893 0.062893 0.100629 0.062893 0.062893 0.062893 0.062893 
0.032680 0.091503 0.062092 0.062092 0.042484 0.101307 0.062092 0.052288 0.032680 0.101307 0.101307 0.091503 0.042484 0.091503 0.032680 
0.041667 0.091667 0.041667 0.041667 0.041667 0.079167 0.129167 0.054167 0.054167 0.054167 0.129167 0.079167 0.066667 0.054167 0.041667 
0.049869 0.278215 0.034121 0.089239 0.034121 0.041995 0.034121 0.041995 0.057743 0.057743 0.041995 0.041995 0.034121 0.089239 0.073491 
0.054645 0.054645 0.054645 0.071038 0.071038 0.071038 0.054645 0.087432 0.054645 0.054645 0.103825 0.054645 0.054645 0.054645 0.103825 
0.083333 0.071970 0.049242 0.071970 0.060606 0.049242 0.071970 0.060606 0.037879 0.151515 0.071970 0.049242 0.049242 0.049242 0.071970 
0.061728 0.061728 0.061728 0.080247 0.061728 0.061728 0.061728 0.061728 0.061728 0.061728 0.061728 0.061728 0.061728 0.061728 0.117284 
0.059524 0.059524 0.059524 0.113095 0.059524 0.077381 0.059524 0.059524 0.059524 0.059524 0.059524 0.059524 0.059524 0.077381 0.077381 
0.104167 0.041667 0.066667 0.079167 0.054167 0.091667 0.066667 0.041667 0.041667 0.054167 0.041667 0.054167 0.041667 0.141667 0.079167 
0.105485 0.067511 0.054852 0.042194 0.054852 0.130802 0.054852 0.042194 0.042194 0.042194 0.042194 0.042194 0.042194 0.156118 0.080169 
0.074510 0.062745 0.050980 0.050980 0.039216 0.145098 0.050980 0.062745 0.039216 0.050980 0.039216 0.039216 0.050980 0.145098 0.098039 
0.096491 0.083333 0.057018 0.070175 0.057018 0.043860 0.043860 0.043860 0.043860 0.043860 0.057018 0.043860 0.043860 0.162281 0.109649 
0.053763 0.053763 0.053763 0.069892 0.053763 0.053763 0.053763 0.069892 0.053763 0.053763 0.053763 0.053763 0.086022 0.053763 0.182796 
0.135266 0.062802 0.048309 0.077295 0.077295 0.062802 0.077295 0.048309 0.062802 0.048309 0.062802 0.048309 0.048309 0.062802 0.077295 
0.052910 0.068783 0.068783 0.084656 0.068783 0.052910 0.052910 0.052910 0.068783 0.052910 0.052910 0.084656 0.068783 0.052910 0.116402 
0.057971 0.057971 0.036232 0.068841 0.057971 0.057971 0.036232 0.047101 0.036232 0.047101 0.047101 0.047101 0.253623 0.112319 0.036232 
0.032338 0.024876 0.054726 0.039801 0.062189 0.047264 0.039801 0.047264 0.032338 0.077114 0.062189 0.054726 0.345771 0.047264 0.032338 
0.053498 0.053498 0.053498 0.041152 0.041152 0.115226 0.041152 0.041152 0.053498 0.065844 0.041152 0.053498 0.065844 0.213992 0.065844 
0.039216 0.062745 0.050980 0.039216 0.074510 0.050980 0.050980 0.039216 0.039216 0.062745 0.062745 0.050980 0.086275 0.215686 0.074510 
0.048689 0.037453 0.037453 0.048689 0.059925 0.116105 0.059925 0.037453 0.037453 0.059925 0.172285 0.037453 0.037453 0.149813 0.059925 
0.038760 0.038760 0.050388 0.050388 0.038760 0.073643 0.073643 0.050388 0.038760 0.062016 0.201550 0.038760 0.050388 0.131783 0.062016 
0.079167 0.091667 0.129167 0.091667 0.041667 0.041667 0.054167 0.066667 0.066667 0.041667 0.066667 0.041667 0.054167 0.054167 0.079167 
0.053498 0.065844 0.189300 0.078189 0.041152 0.041152 0.053498 0.053498 0.041152 0.053498 0.041152 0.053498 0.053498 0.041152 0.139918 
0.078853 0.035842 0.175627 0.046595 0.046595 0.046595 0.068100 0.078853 0.057348 0.046595 0.035842 0.057348 0.046595 0.068100 0.111111 
0.045662 0.045662 0.086758 0.127854 0.073059 0.045662 0.073059 0.045662 0.100457 0.045662 0.045662 0.045662 0.059361 0.059361 0.100457 
0.079365 0.069841 0.155556 0.079365 0.050794 0.079365 0.098413 0.069841 0.041270 0.031746 0.069841 0.031746 0.031746 0.069841 0.041270 
0.131455 0.046948 0.089202 0.061033 0.046948 0.075117 0.089202 0.046948 0.061033 0.046948 0.075117 0.046948 0.046948 0.089202 0.046948 
0.038760 0.050388 0.073643 0.062016 0.038760 0.050388 0.050388 0.050388 0.143411 0.038760 0.038760 0.120155 0.073643 0.038760 0.131783 
0.046948 0.046948 0.173709 0.046948 0.046948 0.046948 0.061033 0.117371 0.061033 0.046948 0.075117 0.061033 0.046948 0.075117 0.046948 
0.041344 0.064599 0.064599 0.025840 0.025840 0.041344 0.041344 0.033592 0.126615 0.033592 0.049096 0.165375 0.095607 0.041344 0.149871 
0.052288 0.081699 0.062092 0.042484 0.042484 0.062092 0.042484 0.032680 0.081699 0.032680 0.032680 0.032680 0.258170 0.042484 0.101307 
0.052209 0.136546 0.052209 0.040161 0.064257 0.040161 0.052209 0.040161 0.052209 0.112450 0.076305 0.052209 0.088353 0.100402 0.040161 
0.062893 0.062893 0.081761 0.062893 0.062893 0.081761 0.062893 0.062893 0.062893 0.062893 0.062893 0.062893 0.062893 0.081761 0.062893 
